-4.291111149218515493e+03
1.406987742308701854e+02
-6.150950114519427814e+01
1.404285811339643815e-03
-7.882984609341550097e-01
1.323904031076381216e+01
-8.247646388060920799e+02
-1.105593842918075609e+00
6.182786104014194279e+02
2.873064533298415881e+02
-2.535796339402913873e+02
2.599233724150558828e+03
4.586106326722983795e+00
-2.329583610292843332e+01
-1.853514016832645694e+01
-2.029173056087367311e+00
-6.618464635400457041e+00
8.797989670138335327e+00
-2.641576547277173148e+01
-4.411472871078032654e-01
8.650914493482432590e+02
-2.379943563307617751e+02
1.416023148457154093e+03
-1.046126523786467715e+03
-1.275841160496598832e+03
1.281699015866907575e+04
-1.129672027103742948e+01
1.179772278149712292e+02
7.101533925392141100e+01
9.171122027872513627e-02
-2.255514993052289356e+03
