-4.291108336959849112e+03
1.406987601026226002e+02
-6.150950179189932499e+01
1.404285798685922862e-03
-7.882984616815340573e-01
1.323904002077676978e+01
-8.247646693082042475e+02
-1.105596343258348213e+00
6.182785510347457603e+02
2.873064321876095164e+02
-2.535797232872146196e+02
2.599233725682599015e+03
4.586077106330776587e+00
-2.329584048047092892e+01
-1.853514034835440327e+01
-2.029173272833960873e+00
-6.618464674821240123e+00
8.797989358950019323e+00
-2.641576538785248118e+01
-4.411474965440547180e-01
8.650914441235804588e+02
-2.379943619685034264e+02
1.416023070104960425e+03
-1.046126583227978699e+03
-1.275841215061809407e+03
1.281698983689255692e+04
-1.129673278380391821e+01
1.179772108720449069e+02
7.101529373205266893e+01
9.171115107053751103e-02
-2.255515186301257927e+03
